Dimension: 29
1 -> 2 -> 3 -> 4 -> 5 -> 6 -> 7 -> 8 -> 9 -> 10 -> 11 -> 12 -> 13 -> 14 -> 15 -> 16 -> 17 -> 18 -> 19 -> 20 -> 21 -> 22 -> 23 -> 24 -> 25 -> 26 -> 27 -> 28 -> 29 -> 1
    0   107   362   991  1822  2714  3992  5503  7227  9157 11246 13739 16442 19331 22289 25369 28693 32083 35585 39215 42933 46950 51320 55811 60456 65453 70715 76101 81686 87438 
    0     0   148   670  1394  2179  3350  4754  6371  8194 10176 12562 15158 17940 20791 23764 26981 30264 33659 37182 40793 44703 48966 53350 57888 62778 67933 73212 78690 84335 
  148   148     0   374   950  1587  2610  3866  5335  7010  8844 11082 13530 16164 18867 21692 24761 27896 31143 34518 37981 41743 45858 50094 54484 59226 64233 69364 74694 80191 
  896   896   374     0   202   465  1114  1996  3091  4392  5852  7716  9790 12050 14379 16830 19525 22286 25159 28160 31249 34637 38378 42240 46256 50624 55257 60014 64970 70093 
 1502  1502   778   202     0    61   508  1188  2081  3180  4438  6100  7972 10030 12157 14406 16899 19458 22129 24928 27815 31001 34540 38200 42014 46180 50611 55166 59920 64841 
 1746  1746   961   324    61     0   386  1005  1837  2875  4072  5673  7484  9481 11547 13735 16167 18665 21275 24013 26839 29964 33442 37041 40794 44899 49269 53763 58456 63316 
 3676  3676  2505  1482   833   386     0   233   679  1331  2142  3357  4782  6393  8073  9875 11921 14033 16257 18609 21049 23788 26880 30093 33460 37179 41163 45271 49578 54052 
 5074  5074  3670  2414  1532   852   233     0   213   632  1210  2192  3384  4762  6209  7778  9591 11470 13461 15580 17787 20293 23152 26132 29266 32752 36503 40378 44452 48693 
 6565  6565  4948  3479  2384  1491   659   213     0   206   571  1340  2319  3484  4718  6074  7674  9340 11118 13024 15018 17311 19957 22724 25645 28918 32456 36118 39979 44007 
 8213  8213  6390  4715  3414  2315  1277   625   206     0   159   722  1495  2454  3482  4632  6026  7486  9058 10758 12546 14633 17073 19634 22349 25416 28748 32204 35859 39681 
 9644  9644  7662  5828  4368  3110  1913  1102   524   159     0   404  1018  1818  2687  3678  4913  6214  7627  9168 10797 12725 15006 17408 19964 22872 26045 29342 32838 36501 
13684 13684 11298  9060  7196  5534  3933  2718  1736   967   404     0   210   606  1071  1658  2489  3386  4395  5532  6757  8281 10158 12156 14308 16812 19581 22474 25566 28825 
15994 15994 13398 10950  8876  7004  5193  3768  2576  1597   824   210     0   186   441   818  1439  2126  2925  3852  4867  6181  7848  9636 11578 13872 16431 19114 21996 25045 
18226 18226 15444 12810 10550  8492  6495  4884  3506  2341  1382   582   186     0    69   260   695  1196  1809  2550  3379  4507  5988  7590  9346 11454 13827 16324 19020 21883 
19123 19123 16272 13569 11240  9113  7047  5367  3920  2686  1658   789   324    69     0   122   488   920  1464  2136  2896  3955  5367  6900  8587 10626 12930 15358 17985 20779 
20831 20831 17858 15033 12582 10333  8145  6343  4774  3418  2268  1277   690   313   122     0   244   554   976  1526  2164  3101  4391  5802  7367  9284 11466 13772 16277 18949 
24491 24491 21274 18205 15510 13017 10585  8539  6726  5126  3732  2497  1666  1045   610   244     0    66   244   550   944  1637  2683  3850  5171  6844  8782 10844 13105 15533 
25547 25547 22264 19129 16368 13809 11311  9199  7320  5654  4194  2893  1996  1309   808   376    66     0   112   352   680  1307  2287  3388  4643  6250  8122 10118 12313 14675 
27451 27451 24056 20809 17936 15265 12655 10431  8440  6662  5090  3677  2668  1869  1256   712   290   112     0   128   344   859  1727  2716  3859  5354  7114  8998 11081 13331 
29755 29755 26232 22857 19856 17057 14319 11967  9848  7942  6242  4701  3564  2637  1896  1224   674   368   128     0    88   475  1215  2076  3091  4458  6090  7846  9801 11923 
31427 31427 27816 24353 21264 18377 15551 13111 10904  8910  7122  5493  4268  3253  2424  1664  1026   632   304    88     0   299   951  1724  2651  3930  5474  7142  9009 11043 
37407 37407 33497 29735 26347 23161 20036 17297 14791 12498 10411  8483  6959  5645  4517  3458  2521  1828  1201   686   299     0   353   827  1455  2435  3680  5049  6617  8352 
44820 44820 40557 36442 32701 29162 25684 22592 19733 17087 14647 12366 10489  8822  7341  5929  4639  3593  2613  1745  1005   353     0   121   396  1023  1915  2931  4146  5528 
47482 47482 43098 38862 35000 31340 27741 24528 21548 18781 16220 13818 11820 10032  8430  6897  5486  4319  3218  2229  1368   595   121     0   154   660  1431  2326  3420  4681 
51024 51024 46486 42096 38080 34266 30513 27146 24012 21091 18376 15820 13668 11726  9970  8283  6718  5397  4142  2999  1984  1057   429   154     0   352   969  1710  2650  3757 
59472 59472 54582 49840 45472 41306 37201 33482 29996 26723 23656 20748 18244 15950 13842 11803  9886  8213  6606  5111  3744  2465  1485   858   352     0   265   654  1242  1997 
66097 66097 60942 55935 51302 46871 42501 38517 34766 31228 27896 24723 21954 19395 17022 14718 12536 10598  8726  6966  5334  3790  2545  1653   882   265     0   124   447   937 
69321 69321 64042 58911 54154 49599 45105 40997 37122 33460 30004 26707 23814 21131 18634 16206 13900 11838  9842  7958  6202  4534  3165  2149  1254   513   124     0   199   565 
74694 74694 69216 63886 58930 54176 49483 45176 41102 37241 33586 30090 26998 24116 21420 18793 16288 14027 11832  9749  7794  5927  4359  3144  2050  1110   522   199     0   167 
79370 79370 73725 68228 63105 58184 53324 48850 44609 40581 36759 33096 29837 26788 23925 21131 18459 16031 13669 11419  9297  7263  5528  4146  2885  1778  1023   533   167     0 
0
107
